3,1,Dry,43.3
3,2,Dry,43.3
3,3,Dry,43.3
3,4,Dry,43.3
3,5,Dry,43.3
3,6,Dry,43.3
3,7,Dry,43.3
3,8,Dry,43.3
4,4,Dry,0
4,6,Dry,0
4,8,Dry,0
5,1,Dry,0
5,2,Dry,0
5,3,Dry,0
5,4,Dry,0
5,5,Dry,0
5,6,Dry,0
5,7,Dry,0
5,8,Dry,0
6,1,Dry,0
6,2,Dry,0
6,3,Dry,0
6,4,Dry,0
6,5,Dry,0
6,6,Dry,0
6,7,Dry,0
6,8,Dry,0
7,1,Dry,0
7,2,Dry,0
7,3,Dry,0
7,4,Dry,0
7,5,Dry,0
7,6,Dry,0
7,7,Dry,0
7,8,Dry,0
8,1,Dry,300.3
8,2,Dry,287.5
8,3,Dry,265.4
8,4,Dry,572.8
8,5,Dry,467.9
8,6,Dry,755.3
8,7,Dry,455.3
9,1,Dry,20
9,2,Dry,127.1
9,4,Dry,364.2
9,5,Dry,364.2
9,6,Dry,450.6
9,7,Dry,20
10,1,Dry,298.4
10,2,Dry,285.6
10,3,Dry,325.5
10,4,Dry,555.8
10,5,Dry,464.1
10,6,Dry,743.8
11,1,Dry,302.2
11,2,Dry,289.4
11,3,Dry,267.3
11,4,Dry,576.8
11,5,Dry,475.5
11,6,Dry,770.6
11,7,Dry,459.1
12,1,Dry,298.4
12,3,Dry,263.5
12,4,Dry,365.1
12,5,Dry,325.5
12,6,Dry,602.1
13,1,Dry,298.4
13,2,Dry,285.6
13,3,Dry,263.5
13,4,Dry,555.8
13,5,Dry,464.1
13,6,Dry,743.8
13,7,Dry,451.5
14,1,Dry,300.3
14,2,Dry,287.4
14,3,Dry,327.4
14,4,Dry,465.9
14,5,Dry,265.4
14,6,Dry,453.3
14,7,Dry,327.4
15,1,Dry,74.5
15,2,Dry,74.5
15,3,Dry,74.5
15,4,Dry,101.7
15,5,Dry,101.7
15,6,Dry,101.7
15,7,Dry,74.5
16,1,Dry,129.8
16,2,Dry,131.3
16,3,Dry,185.8
16,4,Dry,238.8
16,6,Dry,392
16,7,Dry,129.8
17,1,Dry,418.5
17,2,Dry,347.6
17,7,Dry,418.5
18,1,Dry,537.9
18,3,Dry,448.6
18,4,Dry,560.9
18,5,Dry,448.6
18,6,Dry,768.5
19,1,Dry,412.5
19,3,Dry,327.4
19,4,Dry,465.9
19,5,Dry,327.4
19,6,Dry,741.8
20,1,Dry,512.8
20,3,Dry,420
20,4,Dry,528.2
20,5,Dry,420
20,6,Dry,723.5
21,1,Dry,484.7
21,3,Dry,398.3
21,4,Dry,503.4
21,5,Dry,398.3
21,6,Dry,682.3
22,1,Dry,116.6
22,2,Dry,95.7
22,3,Dry,116.6
22,4,Dry,135.2
22,5,Dry,135.2
22,6,Dry,135.2
22,7,Dry,116.6
23,1,Dry,73.1
23,2,Dry,98.7
23,3,Dry,381.7
23,4,Dry,520.1
23,5,Dry,520.1
23,6,Dry,636
23,7,Dry,479.6
24,1,Dry,74.5
24,2,Dry,109.3
24,3,Dry,109.3
24,4,Dry,109.3
24,5,Dry,109.3
24,6,Dry,109.3
24,7,Dry,74.5
25,1,Dry,34.6
25,2,Dry,226.1
25,3,Dry,378.7
25,4,Dry,515.8
25,5,Dry,315.3
25,6,Dry,481.7
25,7,Dry,361.9
26,1,Dry,55.5
26,2,Dry,107.1
27,1,Dry,349.3
27,2,Dry,365
27,3,Dry,424.7
27,4,Dry,782.9
27,5,Dry,532.8
27,6,Dry,728.2
27,7,Dry,237.9
28,1,Dry,371.4
28,2,Dry,395
28,3,Dry,465.9
28,4,Dry,509.9
28,5,Dry,423.8
28,6,Dry,542.6
28,7,Dry,426.7
29,1,Dry,76.9
29,2,Dry,76.9
29,3,Dry,76.9
29,4,Dry,103.3
29,5,Dry,103.3
29,6,Dry,103.3
29,7,Dry,76.9
30,1,Dry,43.3
30,2,Dry,47.7
30,5,Dry,47.7
30,8,Dry,47.7
31,1,Dry,43.3
31,2,Dry,43.3
31,6,Dry,125.9
32,1,Dry,43.3
32,2,Dry,98.2
32,3,Dry,103.9
32,5,Dry,103.9
32,9,Dry,82.4
33,1,Dry,30.2
33,2,Dry,60.2
33,7,Dry,84.8
33,10,Dry,60.2
34,1,Dry,30.2
34,2,Dry,296.8
34,3,Dry,366.2
34,4,Dry,406.4
34,5,Dry,481.7
34,6,Dry,617.6
34,7,Dry,361.9
35,1,Dry,30.2
35,2,Dry,144.6
35,3,Dry,195.7
35,4,Dry,270.1
35,5,Dry,361.9
35,6,Dry,489.3
35,7,Dry,281.5
36,1,Dry,1.9
36,2,Dry,2.2
36,4,Dry,2.2
37,1,Dry,4.8
37,2,Dry,4.8
37,3,Dry,6.3
37,4,Dry,6.3
37,5,Dry,6.3
37,6,Dry,7.8
38,1,Dry,2.5
38,2,Dry,2.8
39,1,Dry,43.3
39,2,Dry,47.7
39,5,Dry,47.7
39,8,Dry,47.7
40,1,Dry,43.3
40,2,Dry,47.7
40,5,Dry,47.7
40,8,Dry,47.7
41,1,Dry,88.1
41,2,Dry,98.2
41,3,Dry,103.9
41,4,Dry,103.9
41,5,Dry,103.9
41,8,Dry,103.9
42,1,Dry,80.6
42,2,Dry,98.2
42,3,Dry,103.9
42,4,Dry,103.9
42,5,Dry,103.9
42,8,Dry,103.9
43,2,Dry,98.2
43,3,Dry,107.1
43,4,Dry,98.2
43,5,Dry,47.7
43,6,Dry,47.7
44,1,Dry,43.3
44,2,Dry,82.4
44,4,Dry,82.4
44,6,Dry,103.9
45,1,Dry,43.3
45,3,Dry,103.9
45,5,Dry,103.9
45,8,Dry,103.9
46,1,Dry,43.3
46,2,Dry,43.3
46,3,Dry,43.3
46,4,Dry,47.7
46,5,Dry,47.7
46,8,Dry,47.7
3,1,Nml,43.3
3,2,Nml,43.3
3,3,Nml,43.3
3,4,Nml,43.3
3,5,Nml,43.3
3,6,Nml,43.3
3,7,Nml,43.3
3,8,Nml,43.3
4,4,Nml,0
4,6,Nml,0
4,8,Nml,0
5,1,Nml,0
5,2,Nml,0
5,3,Nml,0
5,4,Nml,0
5,5,Nml,0
5,6,Nml,0
5,7,Nml,0
5,8,Nml,0
6,1,Nml,0
6,2,Nml,0
6,3,Nml,0
6,4,Nml,0
6,5,Nml,0
6,6,Nml,0
6,7,Nml,0
6,8,Nml,0
7,1,Nml,0
7,2,Nml,0
7,3,Nml,0
7,4,Nml,0
7,5,Nml,0
7,6,Nml,0
7,7,Nml,0
7,8,Nml,0
8,1,Nml,260.2
8,2,Nml,257.4
8,3,Nml,237.9
8,4,Nml,531.8
8,5,Nml,427.2
8,6,Nml,712.7
8,7,Nml,393.7
9,1,Nml,16.9
9,2,Nml,112.9
9,4,Nml,319.6
9,5,Nml,319.6
9,6,Nml,390.9
9,7,Nml,16.9
10,1,Nml,258.1
10,2,Nml,255.2
10,3,Nml,309.3
10,4,Nml,527.4
10,5,Nml,425.1
10,6,Nml,708.4
11,1,Nml,260.2
11,2,Nml,259.5
11,3,Nml,244.4
11,4,Nml,555.5
11,5,Nml,438
11,6,Nml,745.1
11,7,Nml,402.3
12,1,Nml,258.1
12,3,Nml,237.9
12,4,Nml,320.2
12,5,Nml,309.3
12,6,Nml,552.5
13,1,Nml,258.1
13,2,Nml,255.2
13,3,Nml,237.9
13,4,Nml,527.4
13,5,Nml,425.1
13,6,Nml,708.4
13,7,Nml,393.7
14,1,Nml,259.9
14,2,Nml,257.1
14,3,Nml,311.2
14,4,Nml,426.9
14,5,Nml,239.8
14,6,Nml,395.5
14,7,Nml,311.2
15,1,Nml,68.4
15,2,Nml,68.4
15,3,Nml,68.4
15,4,Nml,92.6
15,5,Nml,92.6
15,6,Nml,92.6
15,7,Nml,68.4
16,1,Nml,115.6
16,2,Nml,120.1
16,3,Nml,176.1
16,4,Nml,227.8
16,6,Nml,398.6
16,7,Nml,115.6
17,1,Nml,373.5
17,2,Nml,310.2
17,7,Nml,373.5
18,1,Nml,472.1
18,3,Nml,391.4
18,4,Nml,491
18,5,Nml,391.4
18,6,Nml,677.7
19,1,Nml,367
19,3,Nml,313
19,4,Nml,418
19,5,Nml,313
19,6,Nml,686.2
20,1,Nml,512
20,3,Nml,419.5
20,4,Nml,525.3
20,5,Nml,419.5
20,6,Nml,731.4
21,1,Nml,472.1
21,3,Nml,391.4
21,4,Nml,491
21,5,Nml,391.4
21,6,Nml,677.7
22,1,Nml,116.6
22,2,Nml,95.7
22,3,Nml,116.6
22,4,Nml,135.2
22,5,Nml,135.2
22,6,Nml,135.2
22,7,Nml,116.6
23,1,Nml,73.1
23,2,Nml,98.7
23,3,Nml,372.9
23,4,Nml,508.3
23,5,Nml,508.3
23,6,Nml,632.8
23,7,Nml,469.7
24,1,Nml,68.4
24,2,Nml,97.7
24,3,Nml,97.7
24,4,Nml,97.7
24,5,Nml,97.7
24,6,Nml,97.7
24,7,Nml,68.4
25,1,Nml,31.5
25,2,Nml,213.7
25,3,Nml,374.2
25,4,Nml,388.9
25,5,Nml,290
25,6,Nml,461.7
25,7,Nml,328.7
26,1,Nml,49.4
26,2,Nml,50.7
27,1,Nml,345.5
27,2,Nml,356.6
27,3,Nml,424.2
27,4,Nml,797.8
27,5,Nml,529.9
27,6,Nml,736.1
27,7,Nml,238.5
28,1,Nml,368.9
28,2,Nml,398.6
28,3,Nml,481.6
28,4,Nml,529.7
28,5,Nml,430.8
28,6,Nml,562.9
28,7,Nml,430
29,1,Nml,69.9
29,2,Nml,69.9
29,3,Nml,69.9
29,4,Nml,94.2
29,5,Nml,94.2
29,6,Nml,94.2
29,7,Nml,69.9
30,1,Nml,43.3
30,2,Nml,47.7
30,5,Nml,47.7
30,8,Nml,47.7
31,1,Nml,43.3
31,2,Nml,43.3
31,6,Nml,125.9
32,1,Nml,43.3
32,2,Nml,98.2
32,3,Nml,103.9
32,5,Nml,103.9
32,9,Nml,82.4
33,1,Nml,27.2
33,2,Nml,54.1
33,7,Nml,78.8
33,10,Nml,54.1
34,1,Nml,27.2
34,2,Nml,267
34,3,Nml,331.5
34,4,Nml,385.2
34,5,Nml,461.7
34,6,Nml,614.4
34,7,Nml,328.7
35,1,Nml,27.2
35,2,Nml,118.3
35,3,Nml,170
35,4,Nml,256.7
35,5,Nml,328.7
35,6,Nml,469.3
35,7,Nml,254.9
36,1,Nml,37.7
36,2,Nml,42.1
36,4,Nml,42.1
37,1,Nml,82.4
37,2,Nml,82.4
37,3,Nml,103.9
37,4,Nml,103.9
37,5,Nml,103.9
37,6,Nml,125.9
38,1,Nml,43.3
38,2,Nml,47.7
39,1,Nml,43.3
39,2,Nml,47.7
39,5,Nml,47.7
39,8,Nml,47.7
40,1,Nml,43.3
40,2,Nml,47.7
40,5,Nml,47.7
40,8,Nml,47.7
41,1,Nml,88.1
41,2,Nml,98.2
41,3,Nml,103.9
41,4,Nml,103.9
41,5,Nml,103.9
41,8,Nml,103.9
42,1,Nml,80.6
42,2,Nml,98.2
42,3,Nml,103.9
42,4,Nml,103.9
42,5,Nml,103.9
42,8,Nml,103.9
43,2,Nml,98.2
43,3,Nml,107.1
43,4,Nml,98.2
43,5,Nml,47.7
43,6,Nml,47.7
44,1,Nml,43.3
44,2,Nml,82.4
44,4,Nml,82.4
44,6,Nml,103.9
45,1,Nml,43.3
45,3,Nml,103.9
45,5,Nml,103.9
45,8,Nml,103.9
46,1,Nml,43.3
46,2,Nml,43.3
46,3,Nml,43.3
46,4,Nml,47.7
46,5,Nml,47.7
46,8,Nml,47.7
3,1,Wet,41.5
3,2,Wet,41.5
3,3,Wet,41.5
3,4,Wet,41.5
3,5,Wet,41.5
3,6,Wet,41.5
3,7,Wet,41.5
3,8,Wet,41.5
4,4,Wet,0
4,6,Wet,0
4,8,Wet,0
5,1,Wet,0
5,2,Wet,0
5,3,Wet,0
5,4,Wet,0
5,5,Wet,0
5,6,Wet,0
5,7,Wet,0
5,8,Wet,0
6,1,Wet,0
6,2,Wet,0
6,3,Wet,0
6,4,Wet,0
6,5,Wet,0
6,6,Wet,0
6,7,Wet,0
6,8,Wet,0
7,1,Wet,0
7,2,Wet,0
7,3,Wet,0
7,4,Wet,0
7,5,Wet,0
7,6,Wet,0
7,7,Wet,0
7,8,Wet,0
8,1,Wet,92.3
8,2,Wet,128.8
8,3,Wet,138.6
8,4,Wet,371
8,5,Wet,253.2
8,6,Wet,510.1
8,7,Wet,151.8
9,1,Wet,7.8
9,2,Wet,61.4
9,4,Wet,139.9
9,5,Wet,139.9
9,6,Wet,159.6
9,7,Wet,7.8
10,1,Wet,92.3
10,2,Wet,131.5
10,3,Wet,226.7
10,4,Wet,384.3
10,5,Wet,258.5
10,6,Wet,526.1
11,1,Wet,95
11,2,Wet,136.8
11,3,Wet,149.2
11,4,Wet,418.9
11,5,Wet,277.1
11,6,Wet,571.3
11,7,Wet,170.4
12,1,Wet,92.3
12,3,Wet,141.2
12,4,Wet,140
12,5,Wet,226.7
12,6,Wet,342.5
13,1,Wet,92.3
13,2,Wet,131.5
13,3,Wet,141.2
13,4,Wet,384.3
13,5,Wet,221.7
13,6,Wet,526.1
13,7,Wet,157.1
14,1,Wet,94.2
14,2,Wet,133.3
14,3,Wet,228.5
14,4,Wet,260.3
14,5,Wet,143.1
14,6,Wet,158.9
14,7,Wet,228.5
15,1,Wet,50.1
15,2,Wet,50.1
15,3,Wet,50.1
15,4,Wet,65.3
15,5,Wet,65.3
15,6,Wet,65.3
15,7,Wet,50.1
16,1,Wet,62.9
16,2,Wet,73.5
16,3,Wet,142.3
16,4,Wet,199
16,6,Wet,406.6
16,7,Wet,62.9
17,1,Wet,190.7
17,2,Wet,147.3
17,7,Wet,190.7
18,1,Wet,426.2
18,3,Wet,363.2
18,4,Wet,456.7
18,5,Wet,363.2
18,6,Wet,655.1
19,1,Wet,188.5
19,3,Wet,230.4
19,4,Wet,262.2
19,5,Wet,230.4
19,6,Wet,529.8
20,1,Wet,459.5
20,3,Wet,393.2
20,4,Wet,486.9
20,5,Wet,393.2
20,6,Wet,704
21,1,Wet,426.2
21,3,Wet,363.2
21,4,Wet,456.7
21,5,Wet,363.2
21,6,Wet,655.1
22,1,Wet,113.3
22,2,Wet,92.4
22,3,Wet,113.3
22,4,Wet,130.1
22,5,Wet,130.1
22,6,Wet,130.1
22,7,Wet,113.3
23,1,Wet,69.8
23,2,Wet,95.4
23,3,Wet,340.5
23,4,Wet,464.3
23,5,Wet,464.3
23,6,Wet,614
23,7,Wet,436.6
24,1,Wet,50.1
24,2,Wet,53.4
24,3,Wet,53.4
24,4,Wet,53.4
24,5,Wet,53.4
24,6,Wet,53.4
24,7,Wet,50.1
25,1,Wet,22.4
25,2,Wet,147.9
25,3,Wet,331.5
25,4,Wet,300.8
25,5,Wet,184.5
25,6,Wet,332.4
25,7,Wet,182.7
26,1,Wet,31.2
26,2,Wet,32.4
27,1,Wet,306.7
27,2,Wet,321
27,3,Wet,397.9
27,4,Wet,779.9
27,5,Wet,491.6
27,6,Wet,708.6
27,7,Wet,232.3
28,1,Wet,351.5
28,2,Wet,387.7
28,3,Wet,512.3
28,4,Wet,552.1
28,5,Wet,430.4
28,6,Wet,586.4
28,7,Wet,428.6
29,1,Wet,51.7
29,2,Wet,51.7
29,3,Wet,51.7
29,4,Wet,66.8
29,5,Wet,66.8
29,6,Wet,66.8
29,7,Wet,51.7
30,1,Wet,41.5
30,2,Wet,45.9
30,5,Wet,45.9
30,8,Wet,45.9
31,1,Wet,41.5
31,2,Wet,41.5
31,6,Wet,122.6
32,1,Wet,41.5
32,2,Wet,94.9
32,3,Wet,100.6
32,5,Wet,100.6
32,9,Wet,79.1
33,1,Wet,18
33,2,Wet,35.9
33,7,Wet,60.5
33,10,Wet,35.9
34,1,Wet,18
34,2,Wet,141.6
34,3,Wet,175.4
34,4,Wet,276.8
34,5,Wet,332.4
34,6,Wet,516.9
34,7,Wet,182.7
35,1,Wet,18
35,2,Wet,24.1
35,3,Wet,83.8
35,4,Wet,177.3
35,5,Wet,178.8
35,6,Wet,340
35,7,Wet,145.5
36,1,Wet,36
36,2,Wet,40.3
36,4,Wet,40.3
37,1,Wet,79.1
37,2,Wet,79.1
37,3,Wet,100.6
37,4,Wet,100.6
37,5,Wet,100.6
37,6,Wet,122.6
38,1,Wet,41.5
38,2,Wet,45.9
39,1,Wet,41.5
39,2,Wet,45.9
39,5,Wet,45.9
39,8,Wet,45.9
40,1,Wet,41.5
40,2,Wet,45.9
40,5,Wet,45.9
40,8,Wet,45.9
41,1,Wet,84.8
41,2,Wet,94.9
41,3,Wet,100.6
41,4,Wet,100.6
41,5,Wet,100.6
41,8,Wet,100.6
42,1,Wet,77.3
42,2,Wet,94.9
42,3,Wet,100.6
42,4,Wet,100.6
42,5,Wet,100.6
42,8,Wet,100.6
43,2,Wet,94.9
43,3,Wet,98
43,4,Wet,94.9
43,5,Wet,45.9
43,6,Wet,45.9
44,1,Wet,41.5
44,2,Wet,79.1
44,4,Wet,79.1
44,6,Wet,100.6
45,1,Wet,41.5
45,3,Wet,100.6
45,5,Wet,100.6
45,8,Wet,100.6
46,1,Wet,41.5
46,2,Wet,41.5
46,3,Wet,41.5
46,4,Wet,45.9
46,5,Wet,45.9
46,8,Wet,45.9
